0.766000
0.764800
0.738400
0.696800
0.648400
0.599200
0.569600
0.546800
0.538000
0.540800
0.545200
0.549200
0.566000
0.586800
0.610400
0.656400
0.700400
0.740800
0.769200
0.790400
0.800400
0.805200
0.806400
0.802000
0.803200
0.801200
0.805600
0.807600
0.808000
0.809600
0.811600
0.812400
0.815200
0.815200
0.818400
0.820800
0.822000
0.824000
0.821600
0.820800
0.820400
0.818800
0.818000
0.817200
0.815600
0.814800
0.814400
0.817200
0.820400
0.822800
0.822800
0.823200
0.821600
0.827200
0.825600
0.823200
0.822800
0.823200
0.823200
0.822800
0.820400
0.820400
0.822400
0.823200
0.822000
0.819600
0.816400
0.814800
0.815600
0.816800
0.815600
0.813600
0.810800
0.811200
0.810800
0.809200
0.810400
0.810000
0.811200
0.807200
0.805200
0.803200
0.802000
0.801200
0.800400
0.800000
0.797600
0.796800
0.796800
0.795200
0.795600
0.794400
0.795200
0.796400
0.798400
0.802000
0.805200
0.805600
0.807200
0.810400
0.810400
0.812800
0.815200
0.821200
0.824800
0.824400
0.827600
0.831200
0.832000
0.830800
0.834400
0.833600
0.834800
0.837600
0.838800
0.840800
0.842400
0.842400
0.843200
0.842800
0.843600
0.845200
0.845600
0.848000
0.850000
0.851200
0.851200
0.852400
0.853600
0.852800
0.853200
0.853200
0.853200
0.854000
0.854800
0.856800
0.857200
0.857600
0.857600
0.857200
0.857200
0.856800
0.859600
0.860400
0.860000
0.859200
0.859200
0.860000
0.860400
0.860000
0.859200
0.859200
0.858400
0.859600
0.860800
0.860400
0.860400
0.860000
0.859600
0.859200
0.858000
0.858000
0.858800
0.858800
0.858800
0.858800
0.858000
0.858400
0.857600
0.856000
0.856400
0.856400
0.856000
0.855600
0.854800
0.854400
0.854400
0.854800
0.854000
0.852800
0.853200
0.854400
0.854000
0.854800
0.853600
0.853200
0.852800
0.852800
0.853200
0.852800
0.852400
0.852000
0.852400
0.852400
0.852400
0.852400
0.854000
0.853200
0.852000
0.852400
0.851600
0.852000
0.852800
0.852400
0.852400
0.852000
0.852400
0.852800
0.852400
0.852400
0.851600
0.851600
0.851200
0.850800
0.850800
0.850800
0.851200
0.851200
0.851200
0.850800
0.850400
0.850000
0.849600
0.849600
0.849600
0.849600
0.850000
0.849600
0.849600
0.849200
0.849200
0.849600
0.850000
0.849200
0.848400
0.848800
0.848800
0.849200
0.849200
0.848800
0.848400
0.848400
0.848400
0.848400
0.848800
0.848800
0.848800
0.848800
0.848800
0.848800
0.848000
0.848000
0.848000
0.848000
0.848400
0.848400
0.848800
0.848800
0.848800
0.848400
0.848400
0.848000
0.848400
0.848400
0.848400
0.848400
0.848400
0.848800
0.848800
0.848800
0.849200
0.849600
0.849200
0.848800
0.848800
0.848800
0.848800
0.848800
0.848800
0.848800
0.848400
0.848400
0.848400
0.848400
0.848000
0.848400
0.848400
0.848800
0.848800
0.848800
0.848800
0.848800
0.848800
0.848800
0.848800
0.848800
0.848800
0.848800
0.848800
0.848800
0.849200
0.848800
0.848800
0.848800
0.849200
0.849200
0.849200
0.849200
0.849200
0.849600
0.849600
0.850000
0.850000
0.850000
0.850400
0.850400
0.850400
0.850400
0.850400
0.850000
0.850000
0.850000
0.850000
0.850000
0.850000
0.850000
0.850000
0.850000
0.850000
0.849600
0.849600
0.850000
0.850000
0.849600
0.849600
0.849600
0.849600
0.849600
0.849200
0.849200
0.849200
0.849200
0.849200
0.849200
0.849200
0.849200
0.850000
0.850000
0.850000
0.850000
0.850000
0.850400
0.850400
0.850400
0.850800
0.851600
0.851600
0.851600
0.851600
0.851600
0.851600
0.851600
0.851600
0.852000
0.852000
0.852000
0.852000
0.852400
0.852000
0.852000
0.852000
0.852000
0.852000
0.852000
0.852000
0.852000
0.852000
0.852400
0.852400
0.852400
0.852400
0.852400
0.852400
0.852400
0.852400
0.852800
0.852800
0.853200
0.853200
0.853600
0.853200
0.853200
0.853600
0.853600
0.853600
0.853600
0.853600
0.853200
0.853600
0.853600
0.853600
0.853600
0.853200
0.853200
0.853200
0.852800
0.852400
0.852400
0.852400
0.852400
0.852400
0.852000
0.852000
0.852000
0.852400
0.852400
0.852400
0.852800
0.852800
0.852800
0.852800
0.852800
0.852800
0.852800
0.852800
0.852800
0.852800
0.853600
0.853600
0.853200
0.853200
0.853200
0.853200
0.853200
0.853200
0.853200
0.853200
0.853200
0.853200
0.853200
0.853200
0.853200
0.853200
0.853200
0.853200
0.853200
0.853200
0.853200
0.853200
0.853200
0.853200
0.853200
0.852800
0.852800
0.852400
0.852400
0.852400
0.852400
0.852400
0.852400
0.852400
0.852400
0.852400
0.852400
0.852400
0.852400
0.852800
0.852400
0.852400
0.852000
0.852000
0.852400
0.852800
0.852800
0.852800
0.852800
0.852800
0.852800
0.852800
0.852800
0.852800
0.853200
0.853200
0.853200
0.853200
0.853200
0.853200
0.853200
0.854000
0.854000
0.854000
0.854000
0.853600
0.854000
0.854800
0.854800
0.854800
0.855200
0.855200
0.855600
0.855600
0.855600
0.855600
0.856400
0.856400
0.856000
0.856800
0.856800
0.856800
0.857200
0.857600
0.857200
0.857600
0.857600
0.857600
0.858000
0.857600
0.857600
0.857600
0.857600
0.858000
0.858000
0.858400
0.858000
0.858000
0.858000
0.858400
0.858400
0.858400
0.858400
0.858400
0.858400
0.858400
0.858400
0.858400
0.858400
0.858400
0.858400
0.858000
0.858400
0.858400
0.858400
0.858000
0.858000
0.858400
0.858000
0.858400
0.858800
0.859200
0.859200
0.860000
0.860400
0.860800
0.860800
0.860400
0.860400
0.860800
0.860400
0.860400
0.860400
0.859600
0.859600
0.859600
0.859600
0.858800
0.858800
0.858800
0.858800
0.858400
0.858400
0.858000
0.858000
0.858000
0.858000
0.859200
0.859200
0.859600
0.859600
0.860000
0.860000
0.860400
0.860000
0.860000
0.860400
0.859600
0.860000
0.860800
0.861200
0.861200
0.861200
0.861600
0.861600
0.862000
0.862000
0.862000
0.863200
0.862800
0.862800
0.863200
0.863200
0.863200
0.863200
0.862000
0.862000
0.861600
0.861600
0.861600
0.862000
0.862000
0.862000
0.862000
0.862800
0.862800
0.862800
0.861600
0.861600
0.861600
0.861600
0.862400
0.862400
0.862400
0.862400
0.862400
0.862400
0.862800
0.862800
0.862800
0.862800
0.862800
0.862800
0.862800
0.863200
0.862800
0.862800
0.862800
0.863200
0.863200
0.863600
0.864000
0.863600
0.863600
0.864000
0.864000
0.863200
0.863600
0.863200
0.863600
0.863600
0.863600
0.863600
0.863200
0.863200
0.863200
0.863600
0.863600
0.864000
0.863600
0.864000
0.864000
0.864000
0.864400
0.864400
0.864400
0.864400
0.864400
0.864800
0.864800
0.864800
0.865600
0.865200
0.865200
0.865200
0.865200
0.865200
0.866000
0.866000
0.866000
0.866000
0.866400
0.866000
0.866000
0.865600
0.865600
0.866400
0.866400
0.866400
0.865600
0.865200
0.864800
0.864800
0.865200
0.865600
0.865200
0.865200
0.865600
0.865200
0.865200
0.865200
0.865600
0.866400
0.865600
0.865600
0.866000
0.866000
0.866000
0.866000
0.866000
0.865600
0.865600
0.865600
0.866000
0.866400
0.866400
0.866400
0.866800
0.867200
0.867200
0.866800
0.867200
0.867200
0.867200
0.866800
0.867200
0.867200
0.867200
0.867200
0.867200
0.867600
0.867200
0.867200
0.867200
0.867200
0.867200
0.867200
0.867200
0.867200
0.867200
0.867200
0.866800
0.866800
0.866800
0.866800
0.866800
0.867200
0.866800
0.867200
0.867200
0.868000
0.868000
0.868000
0.868000
0.868000
0.868000
0.867600
0.867600
0.867600
0.867600
0.867600
0.867600
0.867600
0.867600
0.868400
0.868400
0.868400
0.868400
0.868400
0.868800
0.868800
0.868800
0.868800
0.868800
0.868400
0.868400
0.868400
0.868400
0.868400
0.868400
0.868400
0.868400
0.868400
0.868400
0.868400
0.868800
0.868800
0.868400
0.868400
0.868400
0.868400
0.868400
0.868800
0.868400
0.868800
0.868400
0.868400
0.868400
0.868400
0.868400
0.868400
0.868400
0.868400
0.868400
0.868400
0.868400
0.868400
0.868400
0.868800
0.868800
0.869200
0.869200
0.869200
0.869200
0.869200
0.869200
0.869200
0.869200
0.869200
0.869200
0.869600
0.869600
0.869200
0.869600
0.869600
0.869600
0.869600
0.870000
0.869600
0.870000
0.870000
0.870000
0.870000
0.870000
0.870000
0.870000
0.870000
0.870000
0.870000
0.870000
0.870000
0.870000
0.870000
0.870000
0.870000
0.870000
0.870000
0.870000
0.870000
0.870400
0.870400
0.870400
0.870400
0.870400
0.870400
0.870400
0.870400
0.870400
0.870400
0.870400
0.870400
0.870400
0.870400
0.870400
0.870400
0.870400
0.870400
0.870400
0.870400
0.870400
0.870400
0.870000
0.870000
0.869600
0.869600
0.869600
0.869600
0.869600
0.869600
0.869600
0.870000
0.870000
0.870000
0.870000
0.870000
0.870000
0.870000
0.870000
0.870000
0.870000
0.870000
0.870000
0.870000
0.870000
0.870000
0.870000
0.870000
0.870000
0.870000
0.870000
0.870000
0.869600
0.869600
0.869600
0.869600
0.869600
0.869600
0.869600
0.869600
0.869600
0.869600
0.869600
0.869600
0.869600
0.869600
0.869600
0.869600
0.869600
0.869600
0.869600
0.869600
0.870000
0.870000
0.870000
0.870000
0.870000
0.870000
0.870000
0.870000
0.870000
0.870000
0.870000
0.870000
0.870000
0.870000
0.870000
0.870000
0.870000
0.870000
0.870000
0.870000
0.870000
0.870000
0.870000
0.870000
0.870000
0.870000
0.870000
0.870000
0.870000
0.870000
0.870000
0.870000
0.869600
0.869600
0.870000
0.870000
0.869600
0.869600
0.869600
0.870000
0.870400
0.870400
0.870400
0.870400
0.870400
0.870400
0.870400
0.870400
0.870400
0.870400
0.870400
0.870400
0.870400
0.870400
0.870400
0.870400
0.870400
0.870400
0.870400
0.870800
0.870400
0.870400
0.870400
0.870800
0.870400
0.870400
0.870800
0.870400
0.870400
0.870400
0.870400
0.870000
0.870000
0.870000
0.870000
0.870000
0.870000
0.870000
0.870000
0.870000
0.870000
0.870000
